1,C:\ACorn\jsonPayload\19-06-2019_1239PM\testScenario_for_API__ReversalLoanCreation_withoutFees1.json,C:\ACorn\jsonWorkbench\expectedResults\19-06-2019_1239PM\expectedResults_for_API__ReversalLoanCreation_withoutFees1.json,C:\ACorn\jsonWorkbench\urlParameters\19-06-2019_1239PM\urlInputFields_for_API__ReversalLoanCreation_withoutFees1.json
